0 0 7796.93
0 1 4597.7
0 2 -0.010728
0 96 -788.177
0 97 -4137.93
0 102 -394.088
0 103 459.77
0 104 -459.77
0 132 -5900.38
0 133 -459.77
0 134 -4137.92
0 294 -0.00137931
0 295 -459.77
0 296 4597.7
1 0 4597.7
1 1 10314.7
1 2 -3940.89
1 96 -459.77
1 97 -8669.95
1 98 394.089
1 102 4137.93
1 103 -394.088
1 104 3546.79
1 132 -4137.93
1 133 -536.397
1 134 -3546.79
1 294 -4137.93
1 295 -0.00137931
1 296 3546.8
2 0 -0.010728
2 1 -3940.89
2 2 6373.83
2 97 3546.8
2 98 -788.177
2 102 -4137.93
2 103 394.088
2 104 -4334.97
2 132 -459.759
2 133 -394.088
2 134 -536.388
2 294 4597.7
2 295 394.089
2 296 -0.0151724
3 3 14054.4
3 4 -0.0160919
3 5 -9195.38
3 96 -394.089
3 97 -459.77
3 108 -6688.54
3 109 -4137.91
3 110 8735.62
3 150 -5900.38
3 151 -4137.93
3 152 459.759
3 282 5900.36
3 283 4137.91
3 284 -459.759
3 348 -5900.36
3 349 4597.72
3 350 459.759
4 3 -0.0160919
4 4 7267.38
4 5 0.0137931
4 96 -4137.93
4 97 -4334.98
4 98 3546.8
4 108 -459.754
4 109 -1324.56
4 110 394.075
4 150 -459.77
4 151 -536.397
4 152 394.088
4 282 459.754
4 283 536.38
4 284 -3940.89
4 348 4597.72
4 349 -536.396
4 350 -394.093
5 3 -9195.38
5 4 0.0137931
5 5 11208.2
5 97 394.089
5 98 -394.089
5 108 5057.46
5 109 3546.79
5 110 -9206.33
5 150 4137.92
5 151 3546.79
5 152 -536.388
5 282 -4137.92
5 283 -3940.88
5 284 536.385
5 348 4137.92
5 349 -3546.8
5 350 -536.386
6 6 34054.5
6 7 9195.38
6 8 0.010728
6 105 -5900.38
6 106 -459.759
6 107 4137.93
6 111 -6688.56
6 112 -8735.62
6 113 4137.93
6 114 -394.088
6 116 459.77
6 285 -5900.38
6 286 -459.759
6 287 -4597.71
6 288 5900.38
6 289 459.759
6 290 -4137.93
7 6 9195.38
7 7 31208.2
7 8 0.00919538
7 105 -4137.92
7 106 -536.388
7 107 3546.79
7 111 -5057.46
7 112 -9206.32
7 113 3546.79
7 115 -394.088
7 116 394.088
7 285 -4137.92
7 286 -536.389
7 287 -3546.79
7 288 4137.92
7 289 536.388
7 290 -3940.87
8 6 0.010728
8 7 0.00919538
8 8 27267.4
8 105 459.765
8 106 394.087
8 107 -536.392
8 111 459.765
8 112 394.079
8 113 -1324.57
8 114 4137.93
8 115 3546.79
8 116 -4334.97
8 285 -4597.71
8 286 -394.084
8 287 -536.403
8 288 -459.765
8 289 -3940.88
8 290 536.392
9 9 27796.9
9 10 -0.010728
9 11 4597.71
9 99 -5900.38
9 100 -4137.92
9 101 -459.775
9 111 -394.087
9 112 -459.77
9 113 459.77
9 117 -788.177
9 119 -4137.93
9 276 -0.00183908
9 277 4597.7
9 278 -459.77
10 9 -0.010728
10 10 26373.8
10 11 -3940.89
10 99 -459.759
10 100 -536.389
10 101 -394.088
10 111 -4137.93
10 112 -4334.97
10 113 394.084
10 118 -788.177
10 119 3546.8
10 276 4597.7
10 277 -0.0156322
10 278 394.094
11 9 4597.71
11 10 -3940.89
11 11 30314.7
11 99 -4137.94
11 100 -3546.79
11 101 -536.403
11 111 4137.93
11 112 3546.79
11 113 -394.083
11 117 -459.77
11 118 394.089
11 119 -8669.95
11 276 -4137.93
11 277 3546.81
11 278 -0.00643678
12 12 13303.2
12 13 4597.68
12 14 4597.71
12 102 -394.088
12 103 4137.93
12 104 -4137.93
12 120 -394.086
12 121 -4137.93
12 122 4137.93
12 168 -11800.7
12 169 -459.748
12 170 -459.771
12 282 -0.00170772
12 283 -4137.93
12 284 -4137.94
13 12 4597.68
13 13 6516.1
13 14 0.0131362
13 102 459.77
13 103 -394.088
13 104 394.088
13 120 -459.77
13 121 -4334.96
13 122 3546.78
13 168 -4137.91
13 169 -1072.77
13 170 -0.0082758
13 282 -459.77
13 283 -0.00170772
13 284 -3940.87
14 12 4597.71
14 13 0.0131362
14 14 6516.13
14 102 -459.77
14 103 3546.79
14 104 -4334.97
14 120 459.77
14 121 394.075
14 122 -394.073
14 168 -4137.94
14 169 -0.000919479
14 170 -1072.78
14 282 -459.771
14 283 -3940.88
14 284 -0.0187849
15 15 8548.16
15 16 -0.0160919
15 17 0.0160919
15 108 -1182.26
15 109 -459.77
15 110 459.77
15 120 -394.086
15 121 -459.77
15 122 459.77
15 186 -5900.37
15 187 -4137.91
15 188 4137.91
15 312 394.084
15 313 459.77
15 314 -4597.7
15 330 -394.091
15 331 4597.7
15 332 -459.766
16 15 -0.0160919
16 16 11065.9
16 17 -7881.76
16 108 -4137.93
16 109 -5123.13
16 110 7487.67
16 120 -4137.93
16 121 -4334.96
16 122 394.075
16 186 -459.754
16 187 -536.381
16 188 -0.013793
16 312 4137.93
16 313 4334.95
16 314 -394.063
16 330 4597.7
16 331 -4335
16 332 394.095
17 15 0.0160919
17 16 -7881.76
17 17 11065.9
17 108 4137.93
17 109 4334.96
17 110 -9064.02
17 120 4137.93
17 121 3546.78
17 122 -394.073
17 186 459.754
17 187 -0.013793
17 188 -536.381
17 312 -4597.7
17 313 -3546.78
17 314 394.057
17 330 -4137.93
17 331 3546.82
17 332 -394.096
18 18 27796.9
18 19 -0.00536398
18 20 -4597.7
18 114 -788.178
18 116 4137.93
18 126 -5900.38
18 127 4137.93
18 128 459.765
18 129 -394.089
18 130 459.77
18 131 -459.77
18 279 0.00137931
18 280 -4597.7
18 281 459.77
19 18 -0.00536398
19 19 26373.8
19 20 -3940.88
19 115 -788.178
19 116 3546.79
19 126 459.775
19 127 -536.402
19 128 -394.089
19 129 4137.93
19 130 -4334.98
19 131 394.093
19 279 -4597.7
19 280 0.0105747
19 281 394.084
20 18 -4597.7
20 19 -3940.88
20 20 30314.7
20 114 459.77
20 115 394.088
20 116 -8669.96
20 126 4137.93
20 127 -3546.8
20 128 -536.393
20 129 -4137.93
20 130 3546.8
20 131 -394.094
20 279 4137.93
20 280 3546.79
20 281 0.00597702
21 21 34054.4
21 22 -9195.4
21 23 0.010728
21 117 -394.09
21 119 -459.77
21 123 -12194.8
21 124 5057.48
21 125 -4137.94
21 129 -394.089
21 130 4137.93
21 131 -4137.93
21 288 -394.088
21 289 4137.93
21 290 4137.93
21 291 394.09
21 292 -4137.93
21 293 4597.7
22 21 -9195.4
22 22 31208.3
22 23 -0.00919541
22 118 -394.09
22 119 394.089
22 123 8735.63
22 124 -5407.78
22 125 3546.81
22 129 459.77
22 130 -4334.98
22 131 3546.8
22 288 459.77
22 289 -4334.98
22 290 -3940.89
22 291 -459.77
22 292 4334.98
22 293 -3546.8
23 21 0.010728
23 22 -0.00919541
23 23 27267.4
23 117 -4137.93
23 118 3546.8
23 119 -4334.99
23 123 -459.781
23 124 394.094
23 125 -1466.89
23 129 -459.77
23 130 394.093
23 131 -394.094
23 288 459.77
23 289 -3940.88
23 290 -394.084
23 291 4597.7
23 292 -394.097
23 293 394.099
24 24 15593.9
24 25 4597.7
24 26 4597.69
24 132 -5900.38
24 133 -4137.93
24 134 -459.759
24 135 -5900.39
24 136 -459.77
24 137 -4137.93
24 204 -1182.26
24 205 459.77
24 206 -4597.7
24 258 -1182.27
24 259 -4597.7
24 260 459.77
24 297 -0.00091954
24 298 -459.77
24 299 4597.7
24 348 0.00091954
24 349 4597.7
24 350 -459.77
25 24 4597.7
25 25 16688.6
25 26 -7881.78
25 132 -459.77
25 133 -536.397
25 134 -394.088
25 135 -4137.93
25 136 -536.399
25 137 -3546.79
25 204 4137.93
25 205 -1182.26
25 206 7093.59
25 258 -4597.7
25 259 -13004.9
25 260 788.186
25 297 -4137.93
25 298 -0.00091954
25 299 3546.8
25 348 4597.7
25 349 0.00091954
25 350 394.08
26 24 4597.69
26 25 -7881.78
26 26 16688.5
26 132 -4137.92
26 133 -3546.79
26 134 -536.388
26 135 -459.77
26 136 -394.088
26 137 -536.399
26 204 -4597.7
26 205 788.177
26 206 -13004.9
26 258 4137.93
26 259 7093.6
26 260 -1182.28
26 297 4597.7
26 298 394.089
26 299 -0.0101149
26 348 -4137.93
26 349 3546.79
26 350 0.0101149
27 27 15593.9
27 28 4597.7
27 29 4597.69
27 135 -5900.38
27 136 -4137.93
27 137 -459.765
27 138 -5900.38
27 139 -459.77
27 140 -4137.93
27 207 -1182.27
27 208 459.77
27 209 -4597.7
27 261 -1182.27
27 262 -4597.7
27 263 459.77
27 300 -0.00091954
27 301 -459.77
27 302 4597.7
27 351 0.00045977
27 352 4597.7
27 353 -459.77
28 27 4597.7
28 28 16688.6
28 29 -7881.78
28 135 -459.77
28 136 -536.398
28 137 -394.088
28 138 -4137.93
28 139 -536.398
28 140 -3546.79
28 207 4137.93
28 208 -1182.27
28 209 7093.59
28 261 -4597.7
28 262 -13004.9
28 263 788.182
28 300 -4137.93
28 301 -0.00091954
28 302 3546.8
28 351 4597.7
28 352 0.00045977
28 353 394.084
29 27 4597.69
29 28 -7881.78
29 29 16688.6
29 135 -4137.93
29 136 -3546.79
29 137 -536.393
29 138 -459.765
29 139 -394.088
29 140 -536.393
29 207 -4597.7
29 208 788.177
29 209 -13004.9
29 261 4137.93
29 262 7093.6
29 263 -1182.27
29 300 4597.7
29 301 394.089
29 302 -0.0101149
29 351 -4137.93
29 352 3546.79
29 353 0.00505747
30 30 16345.1
30 31 -0.00536398
30 32 4597.7
30 138 -5900.39
30 139 -4137.93
30 140 -459.77
30 141 -5900.38
30 142 4137.94
30 143 -4137.93
30 210 -1182.27
30 211 459.77
30 212 -4597.7
30 264 -1576.35
30 303 -394.088
30 304 -459.77
30 305 4597.7
30 354 -0.00045977
30 355 4597.7
30 356 -459.77
30 357 394.09
30 358 -4597.7
30 359 459.77
31 30 -0.00536398
31 31 17439.8
31 32 -11822.7
31 138 -459.77
31 139 -536.399
31 140 -394.088
31 141 459.775
31 142 -536.403
31 143 0.00413793
31 210 4137.93
31 211 -1182.27
31 212 7093.6
31 265 -13399
31 266 4729.06
31 303 -4137.93
31 304 -394.084
31 305 3546.79
31 354 4597.7
31 355 -0.00505747
31 356 394.089
31 357 -4597.7
31 358 394.099
31 359 -3546.8
32 30 4597.7
32 31 -11822.7
32 32 21380.7
32 138 -4137.93
32 139 -3546.79
32 140 -536.399
32 141 -459.77
32 142 0.00045977
32 143 -536.399
32 210 -4597.7
32 211 788.182
32 212 -13004.9
32 265 11034.5
32 266 -5517.24
32 303 4597.7
32 304 394.084
32 305 -4334.98
32 354 -4137.93
32 355 3546.8
32 356 -0.00045977
32 357 4137.93
32 358 -394.093
32 359 4334.98
33 33 14842.6
33 34 9.09495e-13
33 35 4597.7
33 141 -5900.38
33 142 459.77
33 143 -459.77
33 144 -5900.38
33 145 -459.77
33 146 -4137.93
33 213 -788.177
33 214 459.77
33 215 -4597.7
33 267 -1182.27
33 307 -459.77
33 308 4597.7
34 33 9.09495e-13
34 34 15937.3
34 35 -7881.77
34 141 4137.93
34 142 -536.398
34 144 -4137.93
34 145 -536.398
34 146 -3546.8
34 213 4137.93
34 214 -788.177
34 215 7093.6
34 267 -5.68434e-14
34 268 -13004.9
34 269 788.177
34 306 -4137.93
34 308 3546.8
35 33 4597.7
35 34 -7881.77
35 35 11996.4
35 141 -4137.93
35 143 -536.398
35 144 -459.77
35 145 -394.089
35 146 -536.398
35 213 -4597.7
35 214 788.177
35 215 -8669.95
35 268 7093.6
35 269 -1182.27
35 306 4597.7
35 307 394.089
36 36 15593.9
36 37 4597.7
36 38 4597.71
36 144 -5900.39
36 145 -4137.93
36 146 -459.77
36 147 -5900.38
36 148 -459.765
36 149 -4137.94
36 216 -1182.27
36 217 459.77
36 218 -4597.7
36 270 -1182.27
36 271 -4597.7
36 272 459.77
36 309 0.00091954
36 310 -459.77
36 311 4597.7
36 360 -0.00045977
36 361 4597.7
36 362 -459.77
37 36 4597.7
37 37 16688.6
37 38 -7881.77
37 144 -459.77
37 145 -536.399
37 146 -394.088
37 147 -4137.93
37 148 -536.394
37 149 -3546.8
37 216 4137.93
37 217 -1182.27
37 218 7093.6
37 270 -4597.7
37 271 -13004.9
37 272 788.177
37 309 -4137.93
37 310 0.00551724
37 311 3546.79
37 360 4597.7
37 361 -0.00505747
37 362 394.089
38 36 4597.71
38 37 -7881.77
38 38 16688.6
38 144 -4137.93
38 145 -3546.79
38 146 -536.399
38 147 -459.775
38 148 -394.089
38 149 -536.403
38 216 -4597.7
38 217 788.182
38 218 -13004.9
38 270 4137.93
38 271 7093.59
38 272 -1182.27
38 309 4597.7
38 310 394.084
38 311 0.00551724
38 360 -4137.93
38 361 3546.8
38 362 -0.00045977
39 39 15593.9
39 40 4597.69
39 41 4597.71
39 99 -5900.38
39 100 -459.759
39 101 -4137.94
39 147 -5900.39
39 148 -4137.93
39 149 -459.775
39 219 -1182.27
39 220 459.77
39 221 -4597.7
39 273 -1182.26
39 274 -4597.7
39 275 459.77
39 291 0.00183908
39 292 -459.77
39 293 4597.7
39 363 -0.00183908
39 364 4597.7
39 365 -459.77
40 39 4597.69
40 40 16688.5
40 41 -7881.77
40 99 -4137.92
40 100 -536.389
40 101 -3546.79
40 147 -459.765
40 148 -536.394
40 149 -394.088
40 219 4137.93
40 220 -1182.28
40 221 7093.61
40 273 -4597.7
40 274 -13004.9
40 275 788.172
40 291 -4137.93
40 292 0.0110345
40 293 3546.79
40 363 4597.7
40 364 -0.0156322
40 365 394.094
41 39 4597.71
41 40 -7881.77
41 41 16688.6
41 99 -459.775
41 100 -394.088
41 101 -536.403
41 147 -4137.94
41 148 -3546.79
41 149 -536.404
41 219 -4597.7
41 220 788.187
41 221 -13004.9
41 273 4137.93
41 274 7093.58
41 275 -1182.26
41 291 4597.7
41 292 394.079
41 293 0.0110345
41 363 -4137.93
41 364 3546.81
41 365 -0.00643678
42 42 15593.9
42 43 4597.7
42 44 -4597.69
42 150 -5900.38
42 151 -459.77
42 152 4137.93
42 153 -5900.38
42 154 -4137.93
42 155 459.759
42 222 -1182.26
42 223 459.77
42 224 4597.7
42 258 -1182.27
42 259 -4597.7
42 260 -459.77
42 312 -0.00137931
42 313 -459.77
42 314 -4597.7
42 351 0.00045977
42 352 4597.7
42 353 459.77
43 42 4597.7
43 43 16688.6
43 44 7881.78
43 150 -4137.93
43 151 -536.398
43 152 3546.79
43 153 -459.765
43 154 -536.392
43 155 394.087
43 222 4137.93
43 223 -1182.26
43 224 -7093.59
43 258 -4597.7
43 259 -13004.9
43 260 -788.186
43 312 -4137.93
43 313 -0.00137931
43 314 -3546.81
43 351 4597.7
43 352 -0.00413793
43 353 -394.08
44 42 -4597.69
44 43 7881.78
44 44 16688.5
44 150 459.765
44 151 394.088
44 152 -536.393
44 153 4137.92
44 154 3546.79
44 155 -536.388
44 222 4597.7
44 223 -788.177
44 224 -13004.9
44 258 -4137.93
44 259 -7093.6
44 260 -1182.28
44 312 -4597.7
44 313 -394.09
44 314 -0.0151724
44 351 4137.93
44 352 -3546.79
44 353 0.00965517
45 45 15593.9
45 46 4597.7
45 47 -4597.69
45 153 -5900.38
45 154 -459.765
45 155 4137.92
45 156 -5900.39
45 157 -4137.93
45 158 459.765
45 225 -1182.26
45 226 459.77
45 227 4597.7
45 261 -1182.27
45 262 -4597.7
45 263 -459.77
45 315 -0.00091954
45 316 -459.77
45 317 -4597.7
45 354 -8.39045e-21
45 355 4597.7
45 356 459.77
46 45 4597.7
46 46 16688.5
46 47 7881.78
46 153 -4137.93
46 154 -536.392
46 155 3546.79
46 156 -459.77
46 157 -536.399
46 158 394.088
46 225 4137.93
46 226 -1182.27
46 227 -7093.59
46 261 -4597.7
46 262 -13004.9
46 263 -788.182
46 315 -4137.93
46 316 0.00367816
46 317 -3546.8
46 354 4597.7
46 355 -0.0045977
46 356 -394.084
47 45 -4597.69
47 46 7881.78
47 47 16688.5
47 153 459.759
47 154 394.087
47 155 -536.388
47 156 4137.93
47 157 3546.79
47 158 -536.394
47 225 4597.7
47 226 -788.181
47 227 -13004.9
47 261 -4137.93
47 262 -7093.6
47 263 -1182.27
47 315 -4597.7
47 316 -394.085
47 317 -0.0147126
47 354 4137.93
47 355 -3546.79
47 356 0.0045977
48 48 14842.6
48 50 -4597.68
48 156 -5900.38
48 157 -459.77
48 158 4137.92
48 159 -5900.38
48 160 459.77
48 161 459.759
48 228 -788.176
48 229 459.77
48 230 4597.7
48 264 -1182.27
48 318 -0.00183908
48 319 -459.77
48 320 -4597.7
49 49 15937.3
49 50 7881.77
49 156 -4137.93
49 157 -536.397
49 158 3546.79
49 159 4137.93
49 160 -536.397
49 161 0.00827586
49 228 4137.93
49 229 -788.176
49 230 -7093.59
49 265 -13004.9
49 266 -788.177
49 318 -4137.93
49 319 -0.00183908
49 320 -3546.81
50 48 -4597.68
50 49 7881.77
50 50 11996.4
50 156 459.759
50 157 394.088
50 158 -536.388
50 159 4137.92
50 160 0.00091954
50 161 -536.388
50 228 4597.7
50 229 -788.177
50 230 -8669.93
50 265 -7093.6
50 266 -1182.27
50 318 -4597.7
50 319 -394.09
50 320 -0.0202299
51 51 16345.1
51 52 -0.00536398
51 53 -4597.69
51 159 -5900.38
51 160 4137.93
51 161 4137.92
51 162 -5900.38
51 163 -4137.93
51 164 459.765
51 231 -1182.27
51 232 459.77
51 233 4597.7
51 267 -1576.35
51 321 -394.089
51 322 -459.77
51 323 -4597.7
51 357 394.088
51 358 -4597.7
51 359 -459.77
51 360 -0.00045977
51 361 4597.7
51 362 459.77
52 51 -0.00536398
52 52 17439.8
52 53 11822.7
52 159 459.77
52 160 -536.397
52 161 0.00091954
52 162 -459.765
52 163 -536.393
52 164 394.088
52 231 4137.93
52 232 -1182.27
52 233 -7093.59
52 268 -13399
52 269 -4729.06
52 321 -4137.93
52 322 -394.085
52 323 -3546.8
52 357 -4597.7
52 358 394.093
52 359 3546.79
52 360 4597.7
52 361 -0.00965517
52 362 -394.085
53 51 -4597.69
53 52 11822.7
53 53 21380.7
53 159 459.759
53 160 0.00827586
53 161 -536.388
53 162 4137.93
53 163 3546.79
53 164 -536.393
53 231 4597.7
53 232 -788.181
53 233 -13004.9
53 268 -11034.5
53 269 -5517.24
53 321 -4597.7
53 322 -394.085
53 323 -4334.99
53 357 -4137.93
53 358 394.084
53 359 4334.97
53 360 4137.93
53 361 -3546.8
53 362 0.00413793
54 54 15593.9
54 55 4597.69
54 56 -4597.69
54 162 -5900.38
54 163 -459.765
54 164 4137.93
54 165 -5900.38
54 166 -4137.93
54 167 459.765
54 234 -1182.27
54 235 459.77
54 236 4597.7
54 270 -1182.27
54 271 -4597.7
54 272 -459.77
54 324 -0.00045977
54 325 -459.77
54 326 -4597.7
54 363 -0.00045977
54 364 4597.7
54 365 459.77
55 54 4597.69
55 55 16688.6
55 56 7881.78
55 162 -4137.93
55 163 -536.393
55 164 3546.79
55 165 -459.765
55 166 -536.393
55 167 394.088
55 234 4137.93
55 235 -1182.27
55 236 -7093.6
55 270 -4597.7
55 271 -13004.9
55 272 -788.182
55 324 -4137.93
55 325 0.00413793
55 326 -3546.8
55 363 4597.7
55 364 -0.00965517
55 365 -394.085
56 54 -4597.69
56 55 7881.78
56 56 16688.6
56 162 459.765
56 163 394.088
56 164 -536.393
56 165 4137.93
56 166 3546.79
56 167 -536.393
56 234 4597.7
56 235 -788.182
56 236 -13004.9
56 270 -4137.93
56 271 -7093.6
56 272 -1182.27
56 324 -4597.7
56 325 -394.085
56 326 -0.00965517
56 363 4137.93
56 364 -3546.8
56 365 0.00413793
57 57 15593.9
57 58 4597.69
57 59 -4597.69
57 105 -5900.38
57 106 -4137.93
57 107 459.765
57 165 -5900.38
57 166 -459.765
57 167 4137.93
57 237 -1182.27
57 238 459.77
57 239 4597.7
57 273 -1182.27
57 274 -4597.7
57 275 -459.77
57 276 -0.00045977
57 277 4597.7
57 278 459.77
57 327 -0.00045977
57 328 -459.77
57 329 -4597.7
58 57 4597.69
58 58 16688.6
58 59 7881.78
58 105 -459.765
58 106 -536.393
58 107 394.088
58 165 -4137.93
58 166 -536.393
58 167 3546.79
58 237 4137.93
58 238 -1182.27
58 239 -7093.6
58 273 -4597.7
58 274 -13004.9
58 275 -788.182
58 276 4597.7
58 277 -0.00965517
58 278 -394.085
58 327 -4137.93
58 328 0.00413793
58 329 -3546.8
59 57 -4597.69
59 58 7881.78
59 59 16688.6
59 105 4137.93
59 106 3546.79
59 107 -536.393
59 165 459.765
59 166 394.088
59 167 -536.393
59 237 4597.7
59 238 -788.182
59 239 -13004.9
59 273 -4137.93
59 274 -7093.6
59 275 -1182.27
59 276 4137.93
59 277 -3546.8
59 278 0.00413793
59 327 -4597.7
59 328 -394.085
59 329 -0.00965517
60 60 15593.9
60 61 4597.66
60 62 4597.7
60 168 -5900.38
60 169 -4137.91
60 170 -4137.94
60 171 -5900.37
60 172 -459.754
60 173 -459.765
60 204 -1576.35
60 205 -459.77
60 206 -4597.7
60 240 -788.174
60 241 -4597.7
60 242 -459.775
60 294 394.086
60 295 459.77
60 296 4597.7
60 330 -394.092
60 331 4597.7
60 332 459.775
61 60 4597.66
61 61 16688.5
61 62 11822.7
61 168 -459.754
61 169 -536.383
61 170 0.0124138
61 171 -4137.91
61 172 -536.382
61 173 0.00551724
61 204 -4137.93
61 205 -5517.22
61 206 -11034.5
61 240 -4597.7
61 241 -8669.91
61 242 -788.179
61 294 4137.93
61 295 4334.95
61 296 394.074
61 330 4597.7
61 331 -4335
61 332 -394.098
62 60 4597.7
62 61 11822.7
62 62 16688.6
62 168 -459.771
62 169 0.00137932
62 170 -536.397
62 171 -4137.93
62 172 0.0128736
62 173 -536.391
62 204 -4597.71
62 205 -4729.05
62 206 -13399
62 240 -4137.94
62 241 -7093.59
62 242 -788.178
62 294 4597.71
62 295 3546.78
62 296 394.086
62 330 4137.94
62 331 -3546.82
62 332 -394.1
63 63 15593.9
63 64 4597.68
63 65 4597.7
63 171 -5900.37
63 172 -4137.92
63 173 -4137.93
63 174 -5900.38
63 175 -459.759
63 176 -459.771
63 207 -1576.36
63 208 -459.77
63 209 -4597.7
63 243 -788.176
63 244 -4597.7
63 245 -459.775
63 297 394.087
63 298 459.77
63 299 4597.7
63 333 -394.09
63 334 4597.7
63 335 459.775
64 63 4597.68
64 64 16688.5
64 65 11822.7
64 171 -459.759
64 172 -536.387
64 173 0.00873563
64 174 -4137.92
64 175 -536.388
64 176 0.000919549
64 207 -4137.93
64 208 -5517.23
64 209 -11034.5
64 243 -4597.7
64 244 -8669.92
64 245 -788.184
64 297 4137.93
64 298 4334.96
64 299 394.083
64 333 4597.7
64 334 -4334.99
64 335 -394.094
65 63 4597.7
65 64 11822.7
65 65 16688.6
65 171 -459.765
65 172 0.00505747
65 173 -536.392
65 174 -4137.94
65 175 0.00827587
65 176 -536.397
65 207 -4597.71
65 208 -4729.06
65 209 -13399
65 243 -4137.94
65 244 -7093.6
65 245 -788.184
65 297 4597.71
65 298 3546.79
65 299 394.087
65 333 4137.94
65 334 -3546.81
65 335 -394.094
66 66 15923.5
66 67 2432.74
66 68 5046.93
66 174 -5900.38
66 175 -4137.92
66 176 -4137.94
66 177 -3092.95
66 178 3688.71
66 179 1074.55
66 210 -58.6296
66 211 1013
66 212 -3124.92
66 246 27.5577
66 247 -1983.54
66 248 -0.00397762
66 300 394.088
66 301 459.77
66 302 4597.7
66 336 -394.091
66 337 4597.7
66 338 459.775
66 339 665.9
66 340 -1472.78
66 341 681.62
66 369 -5968.29
66 370 -4597.69
66 371 -4597.71
67 66 2432.74
67 67 17383.3
67 68 13522.8
67 174 -459.759
67 175 -536.388
67 176 0.00827587
67 177 10.5548
67 178 859.545
67 179 394.087
67 210 -2665.15
67 211 -4776.43
67 212 -9772.1
67 246 -1983.54
67 247 -8456.3
67 248 -2103.31
67 300 4137.93
67 301 4334.96
67 302 394.083
67 336 4597.7
67 337 -4334.99
67 338 -394.094
67 339 -1472.78
67 340 665.909
67 341 1899.37
67 369 -4597.69
67 370 -3542.9
67 371 -3940.88
68 66 5046.93
68 67 13522.8
68 68 26050.2
68 174 -459.771
68 175 0.000919549
68 176 -536.397
68 177 -2603.62
68 178 3546.8
68 179 1673.17
68 210 -3124.92
68 211 -3466.68
68 212 -12486
68 246 -0.00765578
68 247 -8408.73
68 248 -4045.94
68 300 4597.71
68 301 3546.79
68 302 394.092
68 336 4137.94
68 337 -3546.81
68 338 -394.095
68 339 -2996.54
68 340 -1253.33
68 341 7324.94
68 369 -4597.71
68 370 -3940.88
68 371 -16383.3
69 69 14842.6
69 70 -0.0214559
69 71 4597.7
69 177 -5900.38
69 178 459.78
69 179 -4137.93
69 180 -5900.38
69 181 -459.759
69 182 -459.77
69 213 -788.177
69 214 -459.77
69 215 -4597.7
69 249 -1182.27
69 250 9.09495e-13
69 303 -0.000919539
69 304 459.77
69 305 4597.7
70 69 -0.0214559
70 70 15937.3
70 71 7881.77
70 177 4137.94
70 178 -536.408
70 179 3546.81
70 180 -4137.92
70 181 -536.388
70 182 0.00091954
70 213 -4137.93
70 214 -788.168
70 215 -7093.59
70 249 5.68434e-14
70 250 -13004.9
70 251 -788.177
70 303 4137.93
70 304 -0.0101149
70 305 -3546.81
71 69 4597.7
71 70 7881.77
71 71 11996.4
71 177 -459.77
71 178 394.09
71 179 -536.399
71 180 -4137.93
71 181 0.00827586
71 182 -536.397
71 213 -4597.7
71 214 -788.168
71 215 -8669.96
71 250 -7093.6
71 251 -1182.27
71 303 4597.7
71 304 -394.098
71 305 -0.000919539
72 72 15593.9
72 73 4597.68
72 74 4597.71
72 180 -5900.38
72 181 -4137.92
72 182 -4137.93
72 183 -5900.38
72 184 -459.764
72 185 -459.775
72 216 -1576.35
72 217 -459.77
72 218 -4597.7
72 252 -788.176
72 253 -4597.7
72 254 -459.77
72 306 394.088
72 307 459.77
72 308 4597.7
72 342 -394.089
72 343 4597.7
72 344 459.77
73 72 4597.68
73 73 16688.5
73 74 11822.7
73 180 -459.759
73 181 -536.388
73 182 0.00827586
73 183 -4137.92
73 184 -536.393
73 185 -0.00367816
73 216 -4137.93
73 217 -5517.23
73 218 -11034.5
73 252 -4597.7
73 253 -8669.93
73 254 -788.181
73 306 4137.93
73 307 4334.96
73 308 394.084
73 342 4597.7
73 343 -4334.98
73 344 -394.085
74 72 4597.71
74 73 11822.7
74 74 16688.6
74 180 -459.77
74 181 0.00091954
74 182 -536.397
74 183 -4137.94
74 184 0.00367817
74 185 -536.402
74 216 -4597.7
74 217 -4729.06
74 218 -13399
74 252 -4137.93
74 253 -7093.59
74 254 -788.18
74 306 4597.7
74 307 3546.79
74 308 394.092
74 342 4137.93
74 343 -3546.8
74 344 -394.084
75 75 16005.1
75 76 2519.95
75 77 5585.1
75 123 -3742.01
75 124 3150.53
75 125 85.3969
75 183 -5900.38
75 184 -4137.92
75 185 -4137.93
75 219 43.6453
75 220 1072.79
75 221 -3065.13
75 255 653.732
75 256 -1532.57
75 257 0.00131885
75 279 572.181
75 280 -1532.57
75 281 1072.8
75 309 394.088
75 310 459.77
75 311 4597.7
75 345 -394.089
75 346 4597.7
75 347 459.77
75 366 -6042.27
75 367 -4597.69
75 368 -4597.71
76 75 2519.95
76 76 17267.8
76 77 13136.3
76 123 -527.622
76 124 981.376
76 125 394.088
76 183 -459.759
76 184 -536.388
76 185 0.00827586
76 219 -2605.36
76 220 -4369.74
76 221 -9720.85
76 255 -1532.57
76 256 -7700.54
76 257 -1255.47
76 279 -1532.57
76 280 572.184
76 281 1386.83
76 309 4137.93
76 310 4334.96
76 311 394.084
76 345 4597.7
76 346 -4334.98
76 347 -394.085
76 366 -4597.69
76 367 -4624.73
76 368 -3940.89
77 75 5585.1
77 76 13136.3
77 77 25528.7
77 123 -3592.76
77 124 3546.81
77 125 602.326
77 183 -459.77
77 184 0.00091954
77 185 -536.397
77 219 -3065.13
77 220 -3415.43
77 221 -12251.5
77 255 0.00131885
77 256 -7560.88
77 257 -1599.69
77 279 -2605.36
77 280 -1765.88
77 281 6293.99
77 309 4597.7
77 310 3546.79
77 311 394.092
77 345 4137.93
77 346 -3546.8
77 347 -394.084
77 366 -4597.71
77 367 -3940.89
77 368 -16447.4
78 78 15593.9
78 79 4597.66
78 80 -4597.68
78 186 -5900.37
78 187 -459.748
78 188 459.759
78 189 -5900.38
78 190 -4137.91
78 191 4137.92
78 222 -1576.35
78 223 -459.77
78 224 4597.7
78 240 -788.171
78 241 -4597.7
78 242 459.766
78 315 394.085
78 316 459.77
78 317 -4597.7
78 333 -394.092
78 334 4597.7
78 335 -459.766
79 78 4597.66
79 79 16688.5
79 80 -11822.6
79 186 -4137.91
79 187 -536.377
79 188 -0.0101149
79 189 -459.754
79 190 -536.383
79 191 -0.0128735
79 222 -4137.93
79 223 -5517.22
79 224 11034.5
79 240 -4597.7
79 241 -8669.9
79 242 788.159
79 315 4137.93
79 316 4334.95
79 317 -394.062
79 333 4597.7
79 334 -4335.01
79 335 394.095
80 78 -4597.68
80 79 -11822.6
80 80 16688.5
80 186 4137.92
80 187 -0.0174712
80 188 -536.386
80 189 459.764
80 190 -0.00551721
80 191 -536.392
80 222 4597.7
80 223 4729.04
80 224 -13399
80 240 4137.93
80 241 7093.56
80 242 -788.154
80 315 -4597.7
80 316 -3546.78
80 317 394.067
80 333 -4137.93
80 334 3546.82
80 335 -394.097
81 81 15593.8
81 82 4597.66
81 83 -4597.68
81 189 -5900.37
81 190 -459.754
81 191 459.759
81 192 -5900.37
81 193 -4137.91
81 194 4137.92
81 225 -1576.35
81 226 -459.77
81 227 4597.7
81 243 -788.172
81 244 -4597.7
81 245 459.766
81 318 394.085
81 319 459.77
81 320 -4597.7
81 336 -394.086
81 337 4597.7
81 338 -459.77
82 81 4597.66
82 82 16688.5
82 83 -11822.6
82 189 -4137.91
82 190 -536.382
82 191 -0.00965513
82 192 -459.754
82 193 -536.382
82 194 -0.0133333
82 225 -4137.93
82 226 -5517.22
82 227 11034.5
82 243 -4597.7
82 244 -8669.91
82 245 788.159
82 318 4137.93
82 319 4334.95
82 320 -394.063
82 336 4597.7
82 337 -4335
82 338 394.095
83 81 -4597.68
83 82 -11822.6
83 83 16688.5
83 189 4137.92
83 190 -0.0133333
83 191 -536.386
83 192 459.759
83 193 -0.00965514
83 194 -536.386
83 225 4597.7
83 226 4729.05
83 227 -13399
83 243 4137.93
83 244 7093.57
83 245 -788.155
83 318 -4597.7
83 319 -3546.78
83 320 394.062
83 336 -4137.93
83 337 3546.82
83 338 -394.096
84 84 14842.6
84 85 -0.0214559
84 86 -4597.69
84 192 -5900.38
84 193 -459.759
84 194 459.764
84 195 -5900.37
84 196 459.78
84 197 4137.92
84 228 -788.175
84 229 -459.77
84 230 4597.7
84 246 -1182.27
84 247 -9.09495e-13
84 321 -0.00183908
84 322 459.77
84 323 -4597.7
85 84 -0.0214559
85 85 15937.3
85 86 -7881.76
85 192 -4137.92
85 193 -536.387
85 194 -0.00505746
85 195 4137.94
85 196 -536.407
85 197 -3546.8
85 228 -4137.93
85 229 -788.166
85 230 7093.58
85 246 -1.7053e-13
85 247 -13004.9
85 248 788.177
85 321 4137.93
85 322 -0.0110345
85 323 3546.81
86 84 -4597.69
86 85 -7881.76
86 86 11996.4
86 192 4137.92
86 193 -0.00873562
86 194 -536.392
86 195 459.764
86 196 -394.089
86 197 -536.393
86 228 4597.7
86 229 788.167
86 230 -8669.94
86 247 7093.59
86 248 -1182.27
86 321 -4597.7
86 322 394.098
86 323 -0.0110345
87 87 16345.1
87 88 -0.0160919
87 89 -4597.69
87 195 -5900.38
87 196 4137.94
87 197 459.759
87 198 -5900.38
87 199 -4137.92
87 200 4137.93
87 231 -1970.44
87 232 -459.77
87 233 4597.7
87 249 -788.177
87 251 -1.13687e-13
87 324 394.086
87 325 459.77
87 326 -4597.7
87 339 0.00275862
87 340 -4597.7
87 341 459.77
87 342 -394.091
87 343 4597.7
87 344 -459.77
88 87 -0.0160919
88 88 17439.8
88 89 -11822.7
88 195 459.78
88 196 -536.407
88 197 -394.089
88 198 -459.764
88 199 -536.393
88 200 -0.0045977
88 231 -4137.93
88 232 -5911.32
88 233 11034.5
88 250 -8669.94
88 251 788.177
88 324 4137.93
88 325 4334.96
88 326 -394.075
88 339 -4597.7
88 340 0.0211494
88 341 394.079
88 342 4597.7
88 343 -4334.99
88 344 394.098
89 87 -4597.69
89 88 -11822.7
89 89 21380.7
89 195 4137.92
89 196 -3546.8
89 197 -536.389
89 198 459.765
89 199 -0.0045977
89 200 -536.393
89 231 4597.7
89 232 4729.05
89 233 -17734
89 250 7093.6
89 251 -788.177
89 324 -4597.7
89 325 -3546.79
89 326 394.072
89 339 4137.93
89 340 3546.78
89 341 0.011954
89 342 -4137.93
89 343 3546.81
89 344 -394.1
90 90 15593.9
90 91 4597.68
90 92 -4597.69
90 198 -5900.37
90 199 -459.759
90 200 459.765
90 201 -5900.38
90 202 -4137.92
90 203 4137.93
90 234 -1576.35
90 235 -459.77
90 236 4597.7
90 252 -788.175
90 253 -4597.7
90 254 459.77
90 327 394.087
90 328 459.77
90 329 -4597.7
90 345 -394.09
90 346 4597.7
90 347 -459.77
91 90 4597.68
91 91 16688.5
91 92 -11822.7
91 198 -4137.92
91 199 -536.387
91 200 -0.00505746
91 201 -459.764
91 202 -536.392
91 203 -0.0045977
91 234 -4137.93
91 235 -5517.23
91 236 11034.5
91 252 -4597.7
91 253 -8669.93
91 254 788.172
91 327 4137.93
91 328 4334.97
91 329 -394.08
91 345 4597.7
91 346 -4334.99
91 347 394.094
92 90 -4597.69
92 91 -11822.7
92 92 16688.6
92 198 4137.93
92 199 -0.00873562
92 200 -536.392
92 201 459.765
92 202 -0.0045977
92 203 -536.392
92 234 4597.7
92 235 4729.06
92 236 -13399
92 252 4137.93
92 253 7093.59
92 254 -788.17
92 327 -4597.7
92 328 -3546.79
92 329 394.078
92 345 -4137.93
92 346 3546.81
92 347 -394.095
93 93 14842.6
93 94 -0.0214559
93 95 -4597.7
93 126 -5900.38
93 127 459.78
93 128 4137.93
93 201 -5900.37
93 202 -459.759
93 203 459.765
93 237 -788.176
93 238 -459.77
93 239 4597.7
93 255 -1182.26
93 256 1.81899e-12
93 285 -0.00137931
93 286 459.77
93 287 -4597.7
94 93 -0.0214559
94 94 15937.3
94 95 -7881.76
94 126 4137.94
94 127 -536.409
94 128 -3546.8
94 201 -4137.92
94 202 -536.387
94 203 -0.00505746
94 237 -4137.93
94 238 -788.167
94 239 7093.58
94 255 1.7053e-13
94 256 -13004.9
94 257 788.177
94 285 4137.93
94 286 -0.0105747
94 287 3546.81
95 93 -4597.7
95 94 -7881.76
95 95 11996.4
95 126 459.77
95 127 -394.089
95 128 -536.399
95 201 4137.93
95 202 -0.00873562
95 203 -536.392
95 237 4597.7
95 238 788.168
95 239 -8669.95
95 256 7093.59
95 257 -1182.26
95 285 -4597.7
95 286 394.098
95 287 -0.00597702
96 0 -788.177
96 1 -459.77
96 3 -394.089
96 4 -4137.93
96 96 22602.6
96 97 9195.4
96 98 -9195.42
96 102 0.00045977
96 103 -459.77
96 104 -459.77
96 132 0.00091954
96 133 4597.7
96 134 -4137.93
96 282 -1576.35
96 283 -4137.93
96 284 8275.86
96 294 394.087
96 295 4597.7
96 296 4597.7
96 348 -18095.2
96 349 -9195.4
96 350 919.562
97 0 -4137.93
97 1 -8669.95
97 2 3546.8
97 3 -459.77
97 4 -4334.98
97 5 394.089
97 96 9195.4
97 97 22274.2
97 98 -7881.78
97 102 -4137.93
97 103 0.00045977
97 104 -3940.88
97 132 4597.7
97 133 0.00091954
97 134 3546.79
97 282 -459.77
97 283 -5517.24
97 284 7881.77
97 294 4597.7
97 295 4334.97
97 296 -3940.89
97 348 -9195.4
97 349 -5944.16
97 350 394.098
98 1 394.089
98 2 -788.177
98 4 3546.8
98 5 -394.089
98 96 -9195.42
98 97 -7881.78
98 98 18333.3
98 102 -4137.93
98 103 -3940.88
98 104 0.00505747
98 132 -459.77
98 133 394.08
98 134 0.0101149
98 282 919.54
98 283 7881.77
98 284 -13399
98 294 4597.7
98 295 -3940.89
98 296 394.073
98 348 8275.88
98 349 3546.81
98 350 -2003.29
99 9 -5900.38
99 10 -459.759
99 11 -4137.94
99 39 -5900.38
99 40 -4137.92
99 41 -459.775
99 99 15593.9
99 100 4597.68
99 101 4597.71
99 117 0.00183908
99 118 -459.77
99 119 4597.7
99 273 -0.00229885
99 274 4597.7
99 275 -459.77
99 276 -1182.26
99 277 -4597.7
99 278 459.77
99 291 -1182.27
99 292 459.77
99 293 -4597.7
100 9 -4137.92
100 10 -536.389
100 11 -3546.79
100 39 -459.759
100 40 -536.389
100 41 -394.088
100 99 4597.68
100 100 16688.5
100 101 -7881.78
100 117 -4137.93
100 118 0.0110345
100 119 3546.79
100 273 4597.7
100 274 -0.0206897
100 275 394.094
100 276 -4597.7
100 277 -13004.9
100 278 788.172
100 291 4137.93
100 292 -1182.28
100 293 7093.61
101 9 -459.775
101 10 -394.088
101 11 -536.403
101 39 -4137.94
101 40 -3546.79
101 41 -536.403
101 99 4597.71
101 100 -7881.78
101 101 16688.6
101 117 4597.7
101 118 394.079
101 119 0.0110345
101 273 -4137.93
101 274 3546.81
101 275 -0.00689655
101 276 4137.93
101 277 7093.58
101 278 -1182.26
101 291 -4597.7
101 292 788.187
101 293 -13004.9
102 0 -394.088
102 1 4137.93
102 2 -4137.93
102 12 -394.088
102 13 459.77
102 14 -459.77
102 96 0.00045977
102 97 -4137.93
102 98 -4137.93
102 102 21100.2
102 103 9195.4
102 104 4597.7
102 168 -0.000525452
102 169 -459.77
102 170 4597.7
102 282 -1182.27
102 283 -8275.86
102 284 4137.93
102 294 -17701.2
102 295 -919.54
102 296 -4597.69
103 0 459.77
103 1 -394.088
103 2 394.088
103 12 4137.93
103 13 -394.088
103 14 3546.79
103 96 -459.77
103 97 0.00045977
103 98 -3940.88
103 102 9195.4
103 103 16830.9
103 104 -3940.89
103 168 -4137.93
103 169 -0.000525452
103 170 3546.8
103 282 -919.54
103 283 -13004.9
103 284 3940.88
103 294 -8275.86
103 295 -1609.2
103 296 -3546.79
104 0 -459.77
104 1 3546.79
104 2 -4334.97
104 12 -4137.93
104 13 394.088
104 14 -4334.97
104 96 -459.77
104 97 -3940.88
104 98 0.00505747
104 102 4597.7
104 103 -3940.89
104 104 12890
104 168 4597.7
104 169 394.089
104 170 -0.00577997
104 282 459.77
104 283 3940.89
104 284 -1182.27
104 294 -4597.69
104 295 -394.088
104 296 -1609.2
105 6 -5900.38
105 7 -4137.92
105 8 459.765
105 57 -5900.38
105 58 -459.765
105 59 4137.93
105 105 15593.9
105 106 4597.69
105 107 -4597.69
105 111 -0.00091954
105 112 4597.7
105 113 459.77
105 237 -0.00045977
105 238 -459.77
105 239 -4597.7
105 276 -1182.27
105 277 -4597.7
105 278 -459.77
105 285 -1182.27
105 286 459.77
105 287 4597.7
106 6 -459.759
106 7 -536.388
106 8 394.087
106 57 -4137.93
106 58 -536.393
106 59 3546.79
106 105 4597.69
106 106 16688.5
106 107 7881.78
106 111 4597.7
106 112 -0.0147126
106 113 -394.085
106 237 -4137.93
106 238 0.00413793
106 239 -3546.8
106 276 -4597.7
106 277 -13004.9
106 278 -788.181
106 285 4137.93
106 286 -1182.27
106 287 -7093.6
107 6 4137.93
107 7 3546.79
107 8 -536.392
107 57 459.765
107 58 394.088
107 59 -536.393
107 105 -4597.69
107 106 7881.78
107 107 16688.5
107 111 4137.93
107 112 -3546.8
107 113 0.00367816
107 237 -4597.7
107 238 -394.085
107 239 -0.00965517
107 276 -4137.93
107 277 -7093.59
107 278 -1182.27
107 285 4597.7
107 286 -788.182
107 287 -13004.9
108 3 -6688.54
108 4 -459.754
108 5 5057.46
108 15 -1182.26
108 16 -4137.93
108 17 4137.93
108 108 36694
108 109 -0.0590038
108 110 -9195.37
108 120 -0.00032841
108 121 -459.77
108 122 -459.771
108 150 -0.00137931
108 151 -4137.93
108 152 -4597.7
108 282 -8264.89
108 283 3678.17
108 284 459.764
108 312 -24783.8
108 313 -3678.11
108 314 4597.68
108 330 788.176
108 331 4597.7
108 332 4597.71
108 348 6294.45
108 349 4597.69
108 350 -4597.69
109 3 -4137.91
109 4 -1324.56
109 5 3546.79
109 15 -459.77
109 16 -5123.13
109 17 4334.96
109 108 -0.0590038
109 109 29578.5
109 110 -7881.74
109 120 -4137.93
109 121 0.0134647
109 122 -3940.89
109 150 -459.77
109 151 -0.00137931
109 152 -394.089
109 282 -3678.15
109 283 -18664.5
109 284 3940.87
109 312 3678.2
109 313 -7268.75
109 314 394.078
109 330 4597.7
109 331 4729.03
109 332 -3940.88
109 348 4597.69
109 349 930.47
109 350 3940.91
110 3 8735.62
110 4 394.075
110 5 -9206.33
110 15 459.77
110 16 7487.67
110 17 -9064.02
110 108 -9195.37
110 109 -7881.74
110 110 33519.4
110 120 -4137.94
110 121 -3940.88
110 122 -0.0174056
110 150 -4597.7
110 151 -3546.8
110 152 -0.0151724
110 282 4137.92
110 283 3940.87
110 284 -10782.7
110 312 4597.68
110 313 3546.77
110 314 -11209.7
110 330 4597.71
110 331 -3940.88
110 332 4729.08
110 348 -4597.69
110 349 3940.91
110 350 4871.37
111 6 -6688.56
111 7 -5057.46
111 8 459.765
111 9 -394.087
111 10 -4137.93
111 11 4137.93
111 105 -0.00091954
111 106 4597.7
111 107 4137.93
111 111 54403.4
111 112 13793.1
111 113 4597.73
111 117 3.79471e-19
111 118 -4137.93
111 119 -4137.93
111 276 -23995.6
111 277 -9195.38
111 278 -919.562
111 285 6294.47
111 286 4597.69
111 287 -4597.7
111 288 -7476.73
111 289 -459.759
111 290 -3678.17
112 6 -8735.62
112 7 -9206.32
112 8 394.079
112 9 -459.77
112 10 -4334.97
112 11 3546.79
112 105 4597.7
112 106 -0.0147126
112 107 -3546.8
112 111 13793.1
112 112 43347
112 113 0.00919537
112 117 -459.77
112 118 0.0045977
112 119 -3940.88
112 276 -9195.38
112 277 -6480.55
112 278 -394.097
112 285 4597.69
112 286 4871.35
112 287 3940.9
112 288 -4137.92
112 289 -6053.62
112 290 -0.00091953
113 6 4137.93
113 7 3546.79
113 8 -1324.57
113 9 459.77
113 10 394.084
113 11 -394.083
113 105 459.77
113 106 -394.085
113 107 0.00367816
113 111 4597.73
113 112 0.00919537
113 113 39406.1
113 117 -459.77
113 118 -3940.89
113 119 -0.0045977
113 276 -8275.88
113 277 -3546.8
113 278 -2539.69
113 285 -4597.7
113 286 3940.9
113 287 930.475
113 288 3678.16
113 289 -0.00827585
113 290 -13935.4
114 6 -394.088
114 8 4137.93
114 18 -788.178
114 20 459.77
114 114 42602.6
114 115 9195.38
114 116 -9195.4
114 126 -0.00091954
114 127 4137.93
114 128 -4597.7
114 129 9.19541e-10
114 130 459.77
114 131 459.77
114 279 394.089
114 280 -4597.7
114 281 -4597.7
114 285 -18095.2
114 286 -919.524
114 287 9195.4
114 288 -1576.35
114 289 -8275.86
114 290 4137.93
115 7 -394.088
115 8 3546.79
115 19 -788.178
115 20 394.088
115 114 9195.38
115 115 38333.3
115 116 -7881.76
115 126 459.77
115 127 -0.00551724
115 128 394.093
115 129 4137.93
115 130 -0.0045977
115 131 -3940.88
115 279 -4597.7
115 280 394.098
115 281 -3940.88
115 285 -8275.84
115 286 -2003.27
115 287 3546.79
115 288 -919.54
115 289 -13399
115 290 7881.77
116 6 459.77
116 7 394.088
116 8 -4334.97
116 18 4137.93
116 19 3546.79
116 20 -8669.96
116 114 -9195.4
116 115 -7881.76
116 116 42274.2
116 126 -4597.7
116 127 3546.8
116 128 -0.00551725
116 129 4137.93
116 130 -3940.89
116 131 0.00459771
116 279 -4597.7
116 280 -3940.88
116 281 4334.97
116 285 9195.4
116 286 394.079
116 287 -5944.17
116 288 459.77
116 289 7881.77
116 290 -5517.24
117 9 -788.177
117 11 -459.77
117 21 -394.09
117 23 -4137.93
117 99 0.00183908
117 100 -4137.93
117 101 4597.7
117 111 3.79471e-19
117 112 -459.77
117 113 -459.77
117 117 42602.6
117 118 -9195.42
117 119 9195.41
117 276 394.088
117 277 4597.7
117 278 4597.7
117 288 -1576.36
117 289 8275.86
117 290 -4137.93
117 291 -18095.2
117 292 919.561
117 293 -9195.41
118 10 -788.177
118 11 394.089
118 22 -394.09
118 23 3546.8
118 99 -459.77
118 100 0.0110345
118 101 394.079
118 111 -4137.93
118 112 0.0045977
118 113 -3940.89
118 117 -9195.42
118 118 38333.3
118 119 -7881.79
118 276 4597.7
118 277 394.074
118 278 -3940.89
118 288 919.54
118 289 -13399
118 290 7881.78
118 291 8275.88
118 292 -2003.29
118 293 3546.82
119 9 -4137.93
119 10 3546.8
119 11 -8669.95
119 21 -459.77
119 22 394.089
119 23 -4334.99
119 99 4597.7
119 100 3546.79
119 101 0.0110345
119 111 -4137.93
119 112 -3940.88
119 113 -0.0045977
119 117 9195.41
119 118 -7881.79
119 119 42274.2
119 276 4597.7
119 277 -3940.89
119 278 4334.98
119 288 -459.77
119 289 7881.78
119 290 -5517.24
119 291 -9195.41
119 292 394.099
119 293 -5944.18
120 12 -394.086
120 13 -459.77
120 14 459.77
120 15 -394.086
120 16 -4137.93
120 17 4137.93
120 108 -0.00032841
120 109 -4137.93
120 110 -4137.94
120 120 21100.1
120 121 4597.65
120 122 9195.44
120 168 -0.00374384
120 169 4597.7
120 170 -459.766
120 282 -1182.27
120 283 4137.93
120 284 -8275.86
120 330 -17701.1
120 331 -4597.65
120 332 -919.577
121 12 -4137.93
121 13 -4334.96
121 14 394.075
121 15 -459.77
121 16 -4334.96
121 17 3546.78
121 108 -459.77
121 109 0.0134647
121 110 -3940.88
121 120 4597.65
121 121 12890
121 122 -3940.9
121 168 4597.7
121 169 -0.0359277
121 170 394.1
121 282 459.77
121 283 -1182.28
121 284 3940.92
121 330 -4597.65
121 331 -1609.17
121 332 -394.095
122 12 4137.93
122 13 3546.78
122 14 -394.073
122 15 459.77
122 16 394.075
122 17 -394.073
122 108 -459.771
122 109 -3940.89
122 110 -0.0174056
122 120 9195.44
122 121 -3940.9
122 122 16830.9
122 168 -4137.93
122 169 3546.82
122 170 -0.00899832
122 282 -919.54
122 283 3940.9
122 284 -13005
122 330 -8275.9
122 331 -3546.78
122 332 -1609.22
123 21 -12194.8
123 22 8735.63
123 23 -459.781
123 75 -3742.01
123 76 -527.622
123 77 -3592.76
123 123 27063.5
123 124 -13591.5
123 125 -1330.9
123 129 0.00137931
123 130 -4597.7
123 131 4137.93
123 219 610.085
123 220 -1072.8
123 221 1532.57
123 279 -563.357
123 280 4597.7
123 281 -4137.93
123 288 3042.52
123 289 -2691.73
123 290 -2691.72
123 291 -1173.44
123 292 1072.8
123 293 -1532.57
123 366 -10984.3
123 367 8075.18
123 368 8075.17
124 21 5057.48
124 22 -5407.78
124 23 394.094
124 75 3150.53
124 76 981.376
124 77 3546.81
124 123 -13591.5
124 124 29675.2
124 125 4408.16
124 129 -4597.7
124 130 0.0105747
124 131 3546.79
124 219 2605.36
124 220 6710.93
124 221 -1386.83
124 279 4597.7
124 280 -9291.47
124 281 3999.06
124 288 -2691.73
124 289 2645.02
124 290 -6100.86
124 291 -2605.36
124 292 -4179.75
124 293 -525.453
124 366 8075.18
124 367 -19075.4
124 368 -7881.77
125 21 -4137.94
125 22 3546.81
125 23 -1466.89
125 75 85.3969
125 76 394.088
125 77 602.326
125 123 -1330.9
125 124 4408.16
125 125 18231.6
125 129 459.77
125 130 394.084
125 131 0.00597702
125 219 1532.57
125 220 1765.88
125 221 610.088
125 279 -459.77
125 280 -2306.36
125 281 2531.19
125 288 -2691.72
125 289 -6100.86
125 290 -1295.88
125 291 -1532.57
125 292 5779.97
125 293 -9901.57
125 366 8075.17
125 367 -7881.77
125 368 -7252.74
126 18 -5900.38
126 19 459.775
126 20 4137.93
